[gd_resource type="Resource" load_steps=377 format=2]

[ext_resource path="res://assets/default_pack/pieces/go_stone_white.tres" type="Resource" id=1]
[ext_resource path="res://assets/default_pack/boards/go_board_small.tres" type="Resource" id=2]
[ext_resource path="res://assets/default_pack/boards/go_board_large.tres" type="Resource" id=3]
[ext_resource path="res://assets/default_pack/containers/pot.tres" type="Resource" id=4]
[ext_resource path="res://assets/default_pack/skyboxes/maskonaive.tres" type="Resource" id=5]
[ext_resource path="res://assets/default_pack/pieces/go_stone_black.tres" type="Resource" id=6]
[ext_resource path="res://assets/default_pack/tables/poker_table.tres" type="Resource" id=7]
[ext_resource path="res://room/state/room_state.gd" type="Script" id=8]
[ext_resource path="res://room/state/piece_state.gd" type="Script" id=9]
[ext_resource path="res://room/state/container_state.gd" type="Script" id=10]

[sub_resource type="Resource" id=1]
script = ExtResource( 9 )
index_id = 2
scene_entry = ExtResource( 1 )
is_locked = true
transform = Transform( 0.999653, 2.33796e-06, 0.0325386, -2.75417e-06, 0.999989, 1.01392e-05, -0.0325371, -1.01576e-05, 0.999647, 10220.7, 10002.1, 9704.99 )
user_scale = Vector3( 1, 1, 1 )
user_albedo = Color( 1, 1, 1, 1 )

[sub_resource type="Resource" id=2]
script = ExtResource( 9 )
index_id = 3
scene_entry = ExtResource( 1 )
is_locked = true
transform = Transform( 0.999653, 2.33796e-06, 0.0325386, -2.75417e-06, 0.999989, 1.01392e-05, -0.0325371, -1.01576e-05, 0.999647, 10220.7, 10002.1, 9704.99 )
user_scale = Vector3( 1, 1, 1 )
user_albedo = Color( 1, 1, 1, 1 )

[sub_resource type="Resource" id=3]
script = ExtResource( 9 )
index_id = 4
scene_entry = ExtResource( 1 )
is_locked = true
transform = Transform( 0.999653, 2.33796e-06, 0.0325386, -2.75417e-06, 0.999989, 1.01392e-05, -0.0325371, -1.01576e-05, 0.999647, 10220.7, 10002.1, 9704.99 )
user_scale = Vector3( 1, 1, 1 )
user_albedo = Color( 1, 1, 1, 1 )

[sub_resource type="Resource" id=4]
script = ExtResource( 9 )
index_id = 5
scene_entry = ExtResource( 1 )
is_locked = true
transform = Transform( 0.999653, 2.33796e-06, 0.0325386, -2.75417e-06, 0.999989, 1.01392e-05, -0.0325371, -1.01576e-05, 0.999647, 10220.7, 10002.1, 9704.99 )
user_scale = Vector3( 1, 1, 1 )
user_albedo = Color( 1, 1, 1, 1 )

[sub_resource type="Resource" id=5]
script = ExtResource( 9 )
index_id = 6
scene_entry = ExtResource( 1 )
is_locked = true
transform = Transform( 0.999653, 2.33796e-06, 0.0325386, -2.75417e-06, 0.999989, 1.01392e-05, -0.0325371, -1.01576e-05, 0.999647, 10220.7, 10002.1, 9704.99 )
user_scale = Vector3( 1, 1, 1 )
user_albedo = Color( 1, 1, 1, 1 )

[sub_resource type="Resource" id=6]
script = ExtResource( 9 )
index_id = 7
scene_entry = ExtResource( 1 )
is_locked = true
transform = Transform( 0.999653, 2.33796e-06, 0.0325386, -2.75417e-06, 0.999989, 1.01392e-05, -0.0325371, -1.01576e-05, 0.999647, 10220.7, 10002.1, 9704.99 )
user_scale = Vector3( 1, 1, 1 )
user_albedo = Color( 1, 1, 1, 1 )

[sub_resource type="Resource" id=7]
script = ExtResource( 9 )
index_id = 8
scene_entry = ExtResource( 1 )
is_locked = true
transform = Transform( 0.999653, 2.33796e-06, 0.0325386, -2.75417e-06, 0.999989, 1.01392e-05, -0.0325371, -1.01576e-05, 0.999647, 10220.7, 10002.1, 9704.99 )
user_scale = Vector3( 1, 1, 1 )
user_albedo = Color( 1, 1, 1, 1 )

[sub_resource type="Resource" id=8]
script = ExtResource( 9 )
index_id = 9
scene_entry = ExtResource( 1 )
is_locked = true
transform = Transform( 0.999653, 2.33796e-06, 0.0325386, -2.75417e-06, 0.999989, 1.01392e-05, -0.0325371, -1.01576e-05, 0.999647, 10220.7, 10002.1, 9704.99 )
user_scale = Vector3( 1, 1, 1 )
user_albedo = Color( 1, 1, 1, 1 )

[sub_resource type="Resource" id=9]
script = ExtResource( 9 )
index_id = 10
scene_entry = ExtResource( 1 )
is_locked = true
transform = Transform( 0.999653, 2.33796e-06, 0.0325386, -2.75417e-06, 0.999989, 1.01392e-05, -0.0325371, -1.01576e-05, 0.999647, 10220.7, 10002.1, 9704.99 )
user_scale = Vector3( 1, 1, 1 )
user_albedo = Color( 1, 1, 1, 1 )

[sub_resource type="Resource" id=10]
script = ExtResource( 9 )
index_id = 11
scene_entry = ExtResource( 1 )
is_locked = true
transform = Transform( 0.999653, 2.33796e-06, 0.0325386, -2.75417e-06, 0.999989, 1.01392e-05, -0.0325371, -1.01576e-05, 0.999647, 10220.7, 10002.1, 9704.99 )
user_scale = Vector3( 1, 1, 1 )
user_albedo = Color( 1, 1, 1, 1 )

[sub_resource type="Resource" id=11]
script = ExtResource( 9 )
index_id = 12
scene_entry = ExtResource( 1 )
is_locked = true
transform = Transform( 0.999653, 2.33796e-06, 0.0325386, -2.75417e-06, 0.999989, 1.01392e-05, -0.0325371, -1.01576e-05, 0.999647, 10220.7, 10002.1, 9704.99 )
user_scale = Vector3( 1, 1, 1 )
user_albedo = Color( 1, 1, 1, 1 )

[sub_resource type="Resource" id=12]
script = ExtResource( 9 )
index_id = 13
scene_entry = ExtResource( 1 )
is_locked = true
transform = Transform( 0.999653, 2.33796e-06, 0.0325386, -2.75417e-06, 0.999989, 1.01392e-05, -0.0325371, -1.01576e-05, 0.999647, 10220.7, 10002.1, 9704.99 )
user_scale = Vector3( 1, 1, 1 )
user_albedo = Color( 1, 1, 1, 1 )

[sub_resource type="Resource" id=13]
script = ExtResource( 9 )
index_id = 14
scene_entry = ExtResource( 1 )
is_locked = true
transform = Transform( 0.999653, 2.33796e-06, 0.0325386, -2.75417e-06, 0.999989, 1.01392e-05, -0.0325371, -1.01576e-05, 0.999647, 10220.7, 10002.1, 9704.99 )
user_scale = Vector3( 1, 1, 1 )
user_albedo = Color( 1, 1, 1, 1 )

[sub_resource type="Resource" id=14]
script = ExtResource( 9 )
index_id = 15
scene_entry = ExtResource( 1 )
is_locked = true
transform = Transform( 0.999653, 2.33796e-06, 0.0325386, -2.75417e-06, 0.999989, 1.01392e-05, -0.0325371, -1.01576e-05, 0.999647, 10220.7, 10002.1, 9704.99 )
user_scale = Vector3( 1, 1, 1 )
user_albedo = Color( 1, 1, 1, 1 )

[sub_resource type="Resource" id=15]
script = ExtResource( 9 )
index_id = 16
scene_entry = ExtResource( 1 )
is_locked = true
transform = Transform( 0.999653, 2.33796e-06, 0.0325386, -2.75417e-06, 0.999989, 1.01392e-05, -0.0325371, -1.01576e-05, 0.999647, 10220.7, 10002.1, 9704.99 )
user_scale = Vector3( 1, 1, 1 )
user_albedo = Color( 1, 1, 1, 1 )

[sub_resource type="Resource" id=16]
script = ExtResource( 9 )
index_id = 17
scene_entry = ExtResource( 1 )
is_locked = true
transform = Transform( 0.999653, 2.33796e-06, 0.0325386, -2.75417e-06, 0.999989, 1.01392e-05, -0.0325371, -1.01576e-05, 0.999647, 10220.7, 10002.1, 9704.99 )
user_scale = Vector3( 1, 1, 1 )
user_albedo = Color( 1, 1, 1, 1 )

[sub_resource type="Resource" id=17]
script = ExtResource( 9 )
index_id = 18
scene_entry = ExtResource( 1 )
is_locked = true
transform = Transform( 0.999653, 2.33796e-06, 0.0325386, -2.75417e-06, 0.999989, 1.01392e-05, -0.0325371, -1.01576e-05, 0.999647, 10220.7, 10002.1, 9704.99 )
user_scale = Vector3( 1, 1, 1 )
user_albedo = Color( 1, 1, 1, 1 )

[sub_resource type="Resource" id=18]
script = ExtResource( 9 )
index_id = 19
scene_entry = ExtResource( 1 )
is_locked = true
transform = Transform( 0.999653, 2.33796e-06, 0.0325386, -2.75417e-06, 0.999989, 1.01392e-05, -0.0325371, -1.01576e-05, 0.999647, 10220.7, 10002.1, 9704.99 )
user_scale = Vector3( 1, 1, 1 )
user_albedo = Color( 1, 1, 1, 1 )

[sub_resource type="Resource" id=19]
script = ExtResource( 9 )
index_id = 20
scene_entry = ExtResource( 1 )
is_locked = true
transform = Transform( 0.999653, 2.33796e-06, 0.0325386, -2.75417e-06, 0.999989, 1.01392e-05, -0.0325371, -1.01576e-05, 0.999647, 10220.7, 10002.1, 9704.99 )
user_scale = Vector3( 1, 1, 1 )
user_albedo = Color( 1, 1, 1, 1 )

[sub_resource type="Resource" id=20]
script = ExtResource( 9 )
index_id = 21
scene_entry = ExtResource( 1 )
is_locked = true
transform = Transform( 0.999653, 2.33796e-06, 0.0325386, -2.75417e-06, 0.999989, 1.01392e-05, -0.0325371, -1.01576e-05, 0.999647, 10220.7, 10002.1, 9704.99 )
user_scale = Vector3( 1, 1, 1 )
user_albedo = Color( 1, 1, 1, 1 )

[sub_resource type="Resource" id=21]
script = ExtResource( 9 )
index_id = 22
scene_entry = ExtResource( 1 )
is_locked = true
transform = Transform( 0.999653, 2.33796e-06, 0.0325386, -2.75417e-06, 0.999989, 1.01392e-05, -0.0325371, -1.01576e-05, 0.999647, 10220.7, 10002.1, 9704.99 )
user_scale = Vector3( 1, 1, 1 )
user_albedo = Color( 1, 1, 1, 1 )

[sub_resource type="Resource" id=22]
script = ExtResource( 9 )
index_id = 23
scene_entry = ExtResource( 1 )
is_locked = true
transform = Transform( 0.999653, 2.33796e-06, 0.0325386, -2.75417e-06, 0.999989, 1.01392e-05, -0.0325371, -1.01576e-05, 0.999647, 10220.7, 10002.1, 9704.99 )
user_scale = Vector3( 1, 1, 1 )
user_albedo = Color( 1, 1, 1, 1 )

[sub_resource type="Resource" id=23]
script = ExtResource( 9 )
index_id = 24
scene_entry = ExtResource( 1 )
is_locked = true
transform = Transform( 0.999653, 2.33796e-06, 0.0325386, -2.75417e-06, 0.999989, 1.01392e-05, -0.0325371, -1.01576e-05, 0.999647, 10220.7, 10002.1, 9704.99 )
user_scale = Vector3( 1, 1, 1 )
user_albedo = Color( 1, 1, 1, 1 )

[sub_resource type="Resource" id=24]
script = ExtResource( 9 )
index_id = 25
scene_entry = ExtResource( 1 )
is_locked = true
transform = Transform( 0.999653, 2.33796e-06, 0.0325386, -2.75417e-06, 0.999989, 1.01392e-05, -0.0325371, -1.01576e-05, 0.999647, 10220.7, 10002.1, 9704.99 )
user_scale = Vector3( 1, 1, 1 )
user_albedo = Color( 1, 1, 1, 1 )

[sub_resource type="Resource" id=25]
script = ExtResource( 9 )
index_id = 26
scene_entry = ExtResource( 1 )
is_locked = true
transform = Transform( 0.999653, 2.33796e-06, 0.0325386, -2.75417e-06, 0.999989, 1.01392e-05, -0.0325371, -1.01576e-05, 0.999647, 10220.7, 10002.1, 9704.99 )
user_scale = Vector3( 1, 1, 1 )
user_albedo = Color( 1, 1, 1, 1 )

[sub_resource type="Resource" id=26]
script = ExtResource( 9 )
index_id = 27
scene_entry = ExtResource( 1 )
is_locked = true
transform = Transform( 0.999653, 2.33796e-06, 0.0325386, -2.75417e-06, 0.999989, 1.01392e-05, -0.0325371, -1.01576e-05, 0.999647, 10220.7, 10002.1, 9704.99 )
user_scale = Vector3( 1, 1, 1 )
user_albedo = Color( 1, 1, 1, 1 )

[sub_resource type="Resource" id=27]
script = ExtResource( 9 )
index_id = 28
scene_entry = ExtResource( 1 )
is_locked = true
transform = Transform( 0.999653, 2.33796e-06, 0.0325386, -2.75417e-06, 0.999989, 1.01392e-05, -0.0325371, -1.01576e-05, 0.999647, 10220.7, 10002.1, 9704.99 )
user_scale = Vector3( 1, 1, 1 )
user_albedo = Color( 1, 1, 1, 1 )

[sub_resource type="Resource" id=28]
script = ExtResource( 9 )
index_id = 29
scene_entry = ExtResource( 1 )
is_locked = true
transform = Transform( 0.999653, 2.33796e-06, 0.0325386, -2.75417e-06, 0.999989, 1.01392e-05, -0.0325371, -1.01576e-05, 0.999647, 10220.7, 10002.1, 9704.99 )
user_scale = Vector3( 1, 1, 1 )
user_albedo = Color( 1, 1, 1, 1 )

[sub_resource type="Resource" id=29]
script = ExtResource( 9 )
index_id = 30
scene_entry = ExtResource( 1 )
is_locked = true
transform = Transform( 0.999653, 2.33796e-06, 0.0325386, -2.75417e-06, 0.999989, 1.01392e-05, -0.0325371, -1.01576e-05, 0.999647, 10220.7, 10002.1, 9704.99 )
user_scale = Vector3( 1, 1, 1 )
user_albedo = Color( 1, 1, 1, 1 )

[sub_resource type="Resource" id=30]
script = ExtResource( 9 )
index_id = 31
scene_entry = ExtResource( 1 )
is_locked = true
transform = Transform( 0.999653, 2.33796e-06, 0.0325386, -2.75417e-06, 0.999989, 1.01392e-05, -0.0325371, -1.01576e-05, 0.999647, 10220.7, 10002.1, 9704.99 )
user_scale = Vector3( 1, 1, 1 )
user_albedo = Color( 1, 1, 1, 1 )

[sub_resource type="Resource" id=31]
script = ExtResource( 9 )
index_id = 32
scene_entry = ExtResource( 1 )
is_locked = true
transform = Transform( 0.999653, 2.33796e-06, 0.0325386, -2.75417e-06, 0.999989, 1.01392e-05, -0.0325371, -1.01576e-05, 0.999647, 10220.7, 10002.1, 9704.99 )
user_scale = Vector3( 1, 1, 1 )
user_albedo = Color( 1, 1, 1, 1 )

[sub_resource type="Resource" id=32]
script = ExtResource( 9 )
index_id = 33
scene_entry = ExtResource( 1 )
is_locked = true
transform = Transform( 0.999653, 2.33796e-06, 0.0325386, -2.75417e-06, 0.999989, 1.01392e-05, -0.0325371, -1.01576e-05, 0.999647, 10220.7, 10002.1, 9704.99 )
user_scale = Vector3( 1, 1, 1 )
user_albedo = Color( 1, 1, 1, 1 )

[sub_resource type="Resource" id=33]
script = ExtResource( 9 )
index_id = 34
scene_entry = ExtResource( 1 )
is_locked = true
transform = Transform( 0.999653, 2.33796e-06, 0.0325386, -2.75417e-06, 0.999989, 1.01392e-05, -0.0325371, -1.01576e-05, 0.999647, 10220.7, 10002.1, 9704.99 )
user_scale = Vector3( 1, 1, 1 )
user_albedo = Color( 1, 1, 1, 1 )

[sub_resource type="Resource" id=34]
script = ExtResource( 9 )
index_id = 35
scene_entry = ExtResource( 1 )
is_locked = true
transform = Transform( 0.999653, 2.33796e-06, 0.0325386, -2.75417e-06, 0.999989, 1.01392e-05, -0.0325371, -1.01576e-05, 0.999647, 10220.7, 10002.1, 9704.99 )
user_scale = Vector3( 1, 1, 1 )
user_albedo = Color( 1, 1, 1, 1 )

[sub_resource type="Resource" id=35]
script = ExtResource( 9 )
index_id = 36
scene_entry = ExtResource( 1 )
is_locked = true
transform = Transform( 0.999653, 2.33796e-06, 0.0325386, -2.75417e-06, 0.999989, 1.01392e-05, -0.0325371, -1.01576e-05, 0.999647, 10220.7, 10002.1, 9704.99 )
user_scale = Vector3( 1, 1, 1 )
user_albedo = Color( 1, 1, 1, 1 )

[sub_resource type="Resource" id=36]
script = ExtResource( 9 )
index_id = 37
scene_entry = ExtResource( 1 )
is_locked = true
transform = Transform( 0.999653, 2.33796e-06, 0.0325386, -2.75417e-06, 0.999989, 1.01392e-05, -0.0325371, -1.01576e-05, 0.999647, 10220.7, 10002.1, 9704.99 )
user_scale = Vector3( 1, 1, 1 )
user_albedo = Color( 1, 1, 1, 1 )

[sub_resource type="Resource" id=37]
script = ExtResource( 9 )
index_id = 38
scene_entry = ExtResource( 1 )
is_locked = true
transform = Transform( 0.999653, 2.33796e-06, 0.0325386, -2.75417e-06, 0.999989, 1.01392e-05, -0.0325371, -1.01576e-05, 0.999647, 10220.7, 10002.1, 9704.99 )
user_scale = Vector3( 1, 1, 1 )
user_albedo = Color( 1, 1, 1, 1 )

[sub_resource type="Resource" id=38]
script = ExtResource( 9 )
index_id = 39
scene_entry = ExtResource( 1 )
is_locked = true
transform = Transform( 0.999653, 2.33796e-06, 0.0325386, -2.75417e-06, 0.999989, 1.01392e-05, -0.0325371, -1.01576e-05, 0.999647, 10220.7, 10002.1, 9704.99 )
user_scale = Vector3( 1, 1, 1 )
user_albedo = Color( 1, 1, 1, 1 )

[sub_resource type="Resource" id=39]
script = ExtResource( 9 )
index_id = 40
scene_entry = ExtResource( 1 )
is_locked = true
transform = Transform( 0.999653, 2.33796e-06, 0.0325386, -2.75417e-06, 0.999989, 1.01392e-05, -0.0325371, -1.01576e-05, 0.999647, 10220.7, 10002.1, 9704.99 )
user_scale = Vector3( 1, 1, 1 )
user_albedo = Color( 1, 1, 1, 1 )

[sub_resource type="Resource" id=40]
script = ExtResource( 9 )
index_id = 41
scene_entry = ExtResource( 1 )
is_locked = true
transform = Transform( 0.999653, 2.33796e-06, 0.0325386, -2.75417e-06, 0.999989, 1.01392e-05, -0.0325371, -1.01576e-05, 0.999647, 10220.7, 10002.1, 9704.99 )
user_scale = Vector3( 1, 1, 1 )
user_albedo = Color( 1, 1, 1, 1 )

[sub_resource type="Resource" id=41]
script = ExtResource( 9 )
index_id = 42
scene_entry = ExtResource( 1 )
is_locked = true
transform = Transform( 0.999653, 2.33796e-06, 0.0325386, -2.75417e-06, 0.999989, 1.01392e-05, -0.0325371, -1.01576e-05, 0.999647, 10220.7, 10002.1, 9704.99 )
user_scale = Vector3( 1, 1, 1 )
user_albedo = Color( 1, 1, 1, 1 )

[sub_resource type="Resource" id=42]
script = ExtResource( 9 )
index_id = 43
scene_entry = ExtResource( 1 )
is_locked = true
transform = Transform( 0.999653, 2.33796e-06, 0.0325386, -2.75417e-06, 0.999989, 1.01392e-05, -0.0325371, -1.01576e-05, 0.999647, 10220.7, 10002.1, 9704.99 )
user_scale = Vector3( 1, 1, 1 )
user_albedo = Color( 1, 1, 1, 1 )

[sub_resource type="Resource" id=43]
script = ExtResource( 9 )
index_id = 44
scene_entry = ExtResource( 1 )
is_locked = true
transform = Transform( 0.999653, 2.33796e-06, 0.0325386, -2.75417e-06, 0.999989, 1.01392e-05, -0.0325371, -1.01576e-05, 0.999647, 10220.7, 10002.1, 9704.99 )
user_scale = Vector3( 1, 1, 1 )
user_albedo = Color( 1, 1, 1, 1 )

[sub_resource type="Resource" id=44]
script = ExtResource( 9 )
index_id = 45
scene_entry = ExtResource( 1 )
is_locked = true
transform = Transform( 0.999653, 2.33796e-06, 0.0325386, -2.75417e-06, 0.999989, 1.01392e-05, -0.0325371, -1.01576e-05, 0.999647, 10220.7, 10002.1, 9704.99 )
user_scale = Vector3( 1, 1, 1 )
user_albedo = Color( 1, 1, 1, 1 )

[sub_resource type="Resource" id=45]
script = ExtResource( 9 )
index_id = 46
scene_entry = ExtResource( 1 )
is_locked = true
transform = Transform( 0.999653, 2.33796e-06, 0.0325386, -2.75417e-06, 0.999989, 1.01392e-05, -0.0325371, -1.01576e-05, 0.999647, 10220.7, 10002.1, 9704.99 )
user_scale = Vector3( 1, 1, 1 )
user_albedo = Color( 1, 1, 1, 1 )

[sub_resource type="Resource" id=46]
script = ExtResource( 9 )
index_id = 47
scene_entry = ExtResource( 1 )
is_locked = true
transform = Transform( 0.999653, 2.33796e-06, 0.0325386, -2.75417e-06, 0.999989, 1.01392e-05, -0.0325371, -1.01576e-05, 0.999647, 10220.7, 10002.1, 9704.99 )
user_scale = Vector3( 1, 1, 1 )
user_albedo = Color( 1, 1, 1, 1 )

[sub_resource type="Resource" id=47]
script = ExtResource( 9 )
index_id = 48
scene_entry = ExtResource( 1 )
is_locked = true
transform = Transform( 0.999653, 2.33796e-06, 0.0325386, -2.75417e-06, 0.999989, 1.01392e-05, -0.0325371, -1.01576e-05, 0.999647, 10220.7, 10002.1, 9704.99 )
user_scale = Vector3( 1, 1, 1 )
user_albedo = Color( 1, 1, 1, 1 )

[sub_resource type="Resource" id=48]
script = ExtResource( 9 )
index_id = 49
scene_entry = ExtResource( 1 )
is_locked = true
transform = Transform( 0.999653, 2.33796e-06, 0.0325386, -2.75417e-06, 0.999989, 1.01392e-05, -0.0325371, -1.01576e-05, 0.999647, 10220.7, 10002.1, 9704.99 )
user_scale = Vector3( 1, 1, 1 )
user_albedo = Color( 1, 1, 1, 1 )

[sub_resource type="Resource" id=49]
script = ExtResource( 9 )
index_id = 50
scene_entry = ExtResource( 1 )
is_locked = true
transform = Transform( 0.999653, 2.33796e-06, 0.0325386, -2.75417e-06, 0.999989, 1.01392e-05, -0.0325371, -1.01576e-05, 0.999647, 10220.7, 10002.1, 9704.99 )
user_scale = Vector3( 1, 1, 1 )
user_albedo = Color( 1, 1, 1, 1 )

[sub_resource type="Resource" id=50]
script = ExtResource( 9 )
index_id = 51
scene_entry = ExtResource( 1 )
is_locked = true
transform = Transform( 0.999653, 2.33796e-06, 0.0325386, -2.75417e-06, 0.999989, 1.01392e-05, -0.0325371, -1.01576e-05, 0.999647, 10220.7, 10002.1, 9704.99 )
user_scale = Vector3( 1, 1, 1 )
user_albedo = Color( 1, 1, 1, 1 )

[sub_resource type="Resource" id=51]
script = ExtResource( 9 )
index_id = 52
scene_entry = ExtResource( 1 )
is_locked = true
transform = Transform( 0.999653, 2.33796e-06, 0.0325386, -2.75417e-06, 0.999989, 1.01392e-05, -0.0325371, -1.01576e-05, 0.999647, 10220.7, 10002.1, 9704.99 )
user_scale = Vector3( 1, 1, 1 )
user_albedo = Color( 1, 1, 1, 1 )

[sub_resource type="Resource" id=52]
script = ExtResource( 9 )
index_id = 53
scene_entry = ExtResource( 1 )
is_locked = true
transform = Transform( 0.999653, 2.33796e-06, 0.0325386, -2.75417e-06, 0.999989, 1.01392e-05, -0.0325371, -1.01576e-05, 0.999647, 10220.7, 10002.1, 9704.99 )
user_scale = Vector3( 1, 1, 1 )
user_albedo = Color( 1, 1, 1, 1 )

[sub_resource type="Resource" id=53]
script = ExtResource( 9 )
index_id = 54
scene_entry = ExtResource( 1 )
is_locked = true
transform = Transform( 0.999653, 2.33796e-06, 0.0325386, -2.75417e-06, 0.999989, 1.01392e-05, -0.0325371, -1.01576e-05, 0.999647, 10220.7, 10002.1, 9704.99 )
user_scale = Vector3( 1, 1, 1 )
user_albedo = Color( 1, 1, 1, 1 )

[sub_resource type="Resource" id=54]
script = ExtResource( 9 )
index_id = 55
scene_entry = ExtResource( 1 )
is_locked = true
transform = Transform( 0.999653, 2.33796e-06, 0.0325386, -2.75417e-06, 0.999989, 1.01392e-05, -0.0325371, -1.01576e-05, 0.999647, 10220.7, 10002.1, 9704.99 )
user_scale = Vector3( 1, 1, 1 )
user_albedo = Color( 1, 1, 1, 1 )

[sub_resource type="Resource" id=55]
script = ExtResource( 9 )
index_id = 56
scene_entry = ExtResource( 1 )
is_locked = true
transform = Transform( 0.999653, 2.33796e-06, 0.0325386, -2.75417e-06, 0.999989, 1.01392e-05, -0.0325371, -1.01576e-05, 0.999647, 10220.7, 10002.1, 9704.99 )
user_scale = Vector3( 1, 1, 1 )
user_albedo = Color( 1, 1, 1, 1 )

[sub_resource type="Resource" id=56]
script = ExtResource( 9 )
index_id = 57
scene_entry = ExtResource( 1 )
is_locked = true
transform = Transform( 0.999653, 2.33796e-06, 0.0325386, -2.75417e-06, 0.999989, 1.01392e-05, -0.0325371, -1.01576e-05, 0.999647, 10220.7, 10002.1, 9704.99 )
user_scale = Vector3( 1, 1, 1 )
user_albedo = Color( 1, 1, 1, 1 )

[sub_resource type="Resource" id=57]
script = ExtResource( 9 )
index_id = 58
scene_entry = ExtResource( 1 )
is_locked = true
transform = Transform( 0.999653, 2.33796e-06, 0.0325386, -2.75417e-06, 0.999989, 1.01392e-05, -0.0325371, -1.01576e-05, 0.999647, 10220.7, 10002.1, 9704.99 )
user_scale = Vector3( 1, 1, 1 )
user_albedo = Color( 1, 1, 1, 1 )

[sub_resource type="Resource" id=58]
script = ExtResource( 9 )
index_id = 59
scene_entry = ExtResource( 1 )
is_locked = true
transform = Transform( 0.999653, 2.33796e-06, 0.0325386, -2.75417e-06, 0.999989, 1.01392e-05, -0.0325371, -1.01576e-05, 0.999647, 10220.7, 10002.1, 9704.99 )
user_scale = Vector3( 1, 1, 1 )
user_albedo = Color( 1, 1, 1, 1 )

[sub_resource type="Resource" id=59]
script = ExtResource( 9 )
index_id = 60
scene_entry = ExtResource( 1 )
is_locked = true
transform = Transform( 0.999653, 2.33796e-06, 0.0325386, -2.75417e-06, 0.999989, 1.01392e-05, -0.0325371, -1.01576e-05, 0.999647, 10220.7, 10002.1, 9704.99 )
user_scale = Vector3( 1, 1, 1 )
user_albedo = Color( 1, 1, 1, 1 )

[sub_resource type="Resource" id=60]
script = ExtResource( 9 )
index_id = 61
scene_entry = ExtResource( 1 )
is_locked = true
transform = Transform( 0.999653, 2.33796e-06, 0.0325386, -2.75417e-06, 0.999989, 1.01392e-05, -0.0325371, -1.01576e-05, 0.999647, 10220.7, 10002.1, 9704.99 )
user_scale = Vector3( 1, 1, 1 )
user_albedo = Color( 1, 1, 1, 1 )

[sub_resource type="Resource" id=61]
script = ExtResource( 9 )
index_id = 62
scene_entry = ExtResource( 1 )
is_locked = true
transform = Transform( 0.999653, 2.33796e-06, 0.0325386, -2.75417e-06, 0.999989, 1.01392e-05, -0.0325371, -1.01576e-05, 0.999647, 10220.7, 10002.1, 9704.99 )
user_scale = Vector3( 1, 1, 1 )
user_albedo = Color( 1, 1, 1, 1 )

[sub_resource type="Resource" id=62]
script = ExtResource( 9 )
index_id = 63
scene_entry = ExtResource( 1 )
is_locked = true
transform = Transform( 0.999653, 2.33796e-06, 0.0325386, -2.75417e-06, 0.999989, 1.01392e-05, -0.0325371, -1.01576e-05, 0.999647, 10220.7, 10002.1, 9704.99 )
user_scale = Vector3( 1, 1, 1 )
user_albedo = Color( 1, 1, 1, 1 )

[sub_resource type="Resource" id=63]
script = ExtResource( 9 )
index_id = 64
scene_entry = ExtResource( 1 )
is_locked = true
transform = Transform( 0.999653, 2.33796e-06, 0.0325386, -2.75417e-06, 0.999989, 1.01392e-05, -0.0325371, -1.01576e-05, 0.999647, 10220.7, 10002.1, 9704.99 )
user_scale = Vector3( 1, 1, 1 )
user_albedo = Color( 1, 1, 1, 1 )

[sub_resource type="Resource" id=64]
script = ExtResource( 9 )
index_id = 65
scene_entry = ExtResource( 1 )
is_locked = true
transform = Transform( 0.999653, 2.33796e-06, 0.0325386, -2.75417e-06, 0.999989, 1.01392e-05, -0.0325371, -1.01576e-05, 0.999647, 10220.7, 10002.1, 9704.99 )
user_scale = Vector3( 1, 1, 1 )
user_albedo = Color( 1, 1, 1, 1 )

[sub_resource type="Resource" id=65]
script = ExtResource( 9 )
index_id = 66
scene_entry = ExtResource( 1 )
is_locked = true
transform = Transform( 0.999653, 2.33796e-06, 0.0325386, -2.75417e-06, 0.999989, 1.01392e-05, -0.0325371, -1.01576e-05, 0.999647, 10220.7, 10002.1, 9704.99 )
user_scale = Vector3( 1, 1, 1 )
user_albedo = Color( 1, 1, 1, 1 )

[sub_resource type="Resource" id=66]
script = ExtResource( 9 )
index_id = 67
scene_entry = ExtResource( 1 )
is_locked = true
transform = Transform( 0.999653, 2.33796e-06, 0.0325386, -2.75417e-06, 0.999989, 1.01392e-05, -0.0325371, -1.01576e-05, 0.999647, 10220.7, 10002.1, 9704.99 )
user_scale = Vector3( 1, 1, 1 )
user_albedo = Color( 1, 1, 1, 1 )

[sub_resource type="Resource" id=67]
script = ExtResource( 9 )
index_id = 68
scene_entry = ExtResource( 1 )
is_locked = true
transform = Transform( 0.999653, 2.33796e-06, 0.0325386, -2.75417e-06, 0.999989, 1.01392e-05, -0.0325371, -1.01576e-05, 0.999647, 10220.7, 10002.1, 9704.99 )
user_scale = Vector3( 1, 1, 1 )
user_albedo = Color( 1, 1, 1, 1 )

[sub_resource type="Resource" id=68]
script = ExtResource( 9 )
index_id = 69
scene_entry = ExtResource( 1 )
is_locked = true
transform = Transform( 0.999653, 2.33796e-06, 0.0325386, -2.75417e-06, 0.999989, 1.01392e-05, -0.0325371, -1.01576e-05, 0.999647, 10220.7, 10002.1, 9704.99 )
user_scale = Vector3( 1, 1, 1 )
user_albedo = Color( 1, 1, 1, 1 )

[sub_resource type="Resource" id=69]
script = ExtResource( 9 )
index_id = 70
scene_entry = ExtResource( 1 )
is_locked = true
transform = Transform( 0.999653, 2.33796e-06, 0.0325386, -2.75417e-06, 0.999989, 1.01392e-05, -0.0325371, -1.01576e-05, 0.999647, 10220.7, 10002.1, 9704.99 )
user_scale = Vector3( 1, 1, 1 )
user_albedo = Color( 1, 1, 1, 1 )

[sub_resource type="Resource" id=70]
script = ExtResource( 9 )
index_id = 71
scene_entry = ExtResource( 1 )
is_locked = true
transform = Transform( 0.999653, 2.33796e-06, 0.0325386, -2.75417e-06, 0.999989, 1.01392e-05, -0.0325371, -1.01576e-05, 0.999647, 10220.7, 10002.1, 9704.99 )
user_scale = Vector3( 1, 1, 1 )
user_albedo = Color( 1, 1, 1, 1 )

[sub_resource type="Resource" id=71]
script = ExtResource( 9 )
index_id = 72
scene_entry = ExtResource( 1 )
is_locked = true
transform = Transform( 0.999653, 2.33796e-06, 0.0325386, -2.75417e-06, 0.999989, 1.01392e-05, -0.0325371, -1.01576e-05, 0.999647, 10220.7, 10002.1, 9704.99 )
user_scale = Vector3( 1, 1, 1 )
user_albedo = Color( 1, 1, 1, 1 )

[sub_resource type="Resource" id=72]
script = ExtResource( 9 )
index_id = 73
scene_entry = ExtResource( 1 )
is_locked = true
transform = Transform( 0.999653, 2.33796e-06, 0.0325386, -2.75417e-06, 0.999989, 1.01392e-05, -0.0325371, -1.01576e-05, 0.999647, 10220.7, 10002.1, 9704.99 )
user_scale = Vector3( 1, 1, 1 )
user_albedo = Color( 1, 1, 1, 1 )

[sub_resource type="Resource" id=73]
script = ExtResource( 9 )
index_id = 74
scene_entry = ExtResource( 1 )
is_locked = true
transform = Transform( 0.999653, 2.33796e-06, 0.0325386, -2.75417e-06, 0.999989, 1.01392e-05, -0.0325371, -1.01576e-05, 0.999647, 10220.7, 10002.1, 9704.99 )
user_scale = Vector3( 1, 1, 1 )
user_albedo = Color( 1, 1, 1, 1 )

[sub_resource type="Resource" id=74]
script = ExtResource( 9 )
index_id = 75
scene_entry = ExtResource( 1 )
is_locked = true
transform = Transform( 0.999653, 2.33796e-06, 0.0325386, -2.75417e-06, 0.999989, 1.01392e-05, -0.0325371, -1.01576e-05, 0.999647, 10220.7, 10002.1, 9704.99 )
user_scale = Vector3( 1, 1, 1 )
user_albedo = Color( 1, 1, 1, 1 )

[sub_resource type="Resource" id=75]
script = ExtResource( 9 )
index_id = 76
scene_entry = ExtResource( 1 )
is_locked = true
transform = Transform( 0.999653, 2.33796e-06, 0.0325386, -2.75417e-06, 0.999989, 1.01392e-05, -0.0325371, -1.01576e-05, 0.999647, 10220.7, 10002.1, 9704.99 )
user_scale = Vector3( 1, 1, 1 )
user_albedo = Color( 1, 1, 1, 1 )

[sub_resource type="Resource" id=76]
script = ExtResource( 9 )
index_id = 77
scene_entry = ExtResource( 1 )
is_locked = true
transform = Transform( 0.999653, 2.33796e-06, 0.0325386, -2.75417e-06, 0.999989, 1.01392e-05, -0.0325371, -1.01576e-05, 0.999647, 10220.7, 10002.1, 9704.99 )
user_scale = Vector3( 1, 1, 1 )
user_albedo = Color( 1, 1, 1, 1 )

[sub_resource type="Resource" id=77]
script = ExtResource( 9 )
index_id = 78
scene_entry = ExtResource( 1 )
is_locked = true
transform = Transform( 0.999653, 2.33796e-06, 0.0325386, -2.75417e-06, 0.999989, 1.01392e-05, -0.0325371, -1.01576e-05, 0.999647, 10220.7, 10002.1, 9704.99 )
user_scale = Vector3( 1, 1, 1 )
user_albedo = Color( 1, 1, 1, 1 )

[sub_resource type="Resource" id=78]
script = ExtResource( 9 )
index_id = 79
scene_entry = ExtResource( 1 )
is_locked = true
transform = Transform( 0.999653, 2.33796e-06, 0.0325386, -2.75417e-06, 0.999989, 1.01392e-05, -0.0325371, -1.01576e-05, 0.999647, 10220.7, 10002.1, 9704.99 )
user_scale = Vector3( 1, 1, 1 )
user_albedo = Color( 1, 1, 1, 1 )

[sub_resource type="Resource" id=79]
script = ExtResource( 9 )
index_id = 80
scene_entry = ExtResource( 1 )
is_locked = true
transform = Transform( 0.999653, 2.33796e-06, 0.0325386, -2.75417e-06, 0.999989, 1.01392e-05, -0.0325371, -1.01576e-05, 0.999647, 10220.7, 10002.1, 9704.99 )
user_scale = Vector3( 1, 1, 1 )
user_albedo = Color( 1, 1, 1, 1 )

[sub_resource type="Resource" id=80]
script = ExtResource( 9 )
index_id = 81
scene_entry = ExtResource( 1 )
is_locked = true
transform = Transform( 0.999653, 2.33796e-06, 0.0325386, -2.75417e-06, 0.999989, 1.01392e-05, -0.0325371, -1.01576e-05, 0.999647, 10220.7, 10002.1, 9704.99 )
user_scale = Vector3( 1, 1, 1 )
user_albedo = Color( 1, 1, 1, 1 )

[sub_resource type="Resource" id=81]
script = ExtResource( 9 )
index_id = 82
scene_entry = ExtResource( 1 )
is_locked = true
transform = Transform( 0.999653, 2.33796e-06, 0.0325386, -2.75417e-06, 0.999989, 1.01392e-05, -0.0325371, -1.01576e-05, 0.999647, 10220.7, 10002.1, 9704.99 )
user_scale = Vector3( 1, 1, 1 )
user_albedo = Color( 1, 1, 1, 1 )

[sub_resource type="Resource" id=82]
script = ExtResource( 9 )
index_id = 83
scene_entry = ExtResource( 1 )
is_locked = true
transform = Transform( 0.999653, 2.33796e-06, 0.0325386, -2.75417e-06, 0.999989, 1.01392e-05, -0.0325371, -1.01576e-05, 0.999647, 10220.7, 10002.1, 9704.99 )
user_scale = Vector3( 1, 1, 1 )
user_albedo = Color( 1, 1, 1, 1 )

[sub_resource type="Resource" id=83]
script = ExtResource( 9 )
index_id = 84
scene_entry = ExtResource( 1 )
is_locked = true
transform = Transform( 0.999653, 2.33796e-06, 0.0325386, -2.75417e-06, 0.999989, 1.01392e-05, -0.0325371, -1.01576e-05, 0.999647, 10220.7, 10002.1, 9704.99 )
user_scale = Vector3( 1, 1, 1 )
user_albedo = Color( 1, 1, 1, 1 )

[sub_resource type="Resource" id=84]
script = ExtResource( 9 )
index_id = 85
scene_entry = ExtResource( 1 )
is_locked = true
transform = Transform( 0.999653, 2.33796e-06, 0.0325386, -2.75417e-06, 0.999989, 1.01392e-05, -0.0325371, -1.01576e-05, 0.999647, 10220.7, 10002.1, 9704.99 )
user_scale = Vector3( 1, 1, 1 )
user_albedo = Color( 1, 1, 1, 1 )

[sub_resource type="Resource" id=85]
script = ExtResource( 9 )
index_id = 86
scene_entry = ExtResource( 1 )
is_locked = true
transform = Transform( 0.999653, 2.33796e-06, 0.0325386, -2.75417e-06, 0.999989, 1.01392e-05, -0.0325371, -1.01576e-05, 0.999647, 10220.7, 10002.1, 9704.99 )
user_scale = Vector3( 1, 1, 1 )
user_albedo = Color( 1, 1, 1, 1 )

[sub_resource type="Resource" id=86]
script = ExtResource( 9 )
index_id = 87
scene_entry = ExtResource( 1 )
is_locked = true
transform = Transform( 0.999653, 2.33796e-06, 0.0325386, -2.75417e-06, 0.999989, 1.01392e-05, -0.0325371, -1.01576e-05, 0.999647, 10220.7, 10002.1, 9704.99 )
user_scale = Vector3( 1, 1, 1 )
user_albedo = Color( 1, 1, 1, 1 )

[sub_resource type="Resource" id=87]
script = ExtResource( 9 )
index_id = 88
scene_entry = ExtResource( 1 )
is_locked = true
transform = Transform( 0.999653, 2.33796e-06, 0.0325386, -2.75417e-06, 0.999989, 1.01392e-05, -0.0325371, -1.01576e-05, 0.999647, 10220.7, 10002.1, 9704.99 )
user_scale = Vector3( 1, 1, 1 )
user_albedo = Color( 1, 1, 1, 1 )

[sub_resource type="Resource" id=88]
script = ExtResource( 9 )
index_id = 89
scene_entry = ExtResource( 1 )
is_locked = true
transform = Transform( 0.999653, 2.33796e-06, 0.0325386, -2.75417e-06, 0.999989, 1.01392e-05, -0.0325371, -1.01576e-05, 0.999647, 10220.7, 10002.1, 9704.99 )
user_scale = Vector3( 1, 1, 1 )
user_albedo = Color( 1, 1, 1, 1 )

[sub_resource type="Resource" id=89]
script = ExtResource( 9 )
index_id = 90
scene_entry = ExtResource( 1 )
is_locked = true
transform = Transform( 0.999653, 2.33796e-06, 0.0325386, -2.75417e-06, 0.999989, 1.01392e-05, -0.0325371, -1.01576e-05, 0.999647, 10220.7, 10002.1, 9704.99 )
user_scale = Vector3( 1, 1, 1 )
user_albedo = Color( 1, 1, 1, 1 )

[sub_resource type="Resource" id=90]
script = ExtResource( 9 )
index_id = 91
scene_entry = ExtResource( 1 )
is_locked = true
transform = Transform( 0.999653, 2.33796e-06, 0.0325386, -2.75417e-06, 0.999989, 1.01392e-05, -0.0325371, -1.01576e-05, 0.999647, 10220.7, 10002.1, 9704.99 )
user_scale = Vector3( 1, 1, 1 )
user_albedo = Color( 1, 1, 1, 1 )

[sub_resource type="Resource" id=91]
script = ExtResource( 9 )
index_id = 92
scene_entry = ExtResource( 1 )
is_locked = true
transform = Transform( 0.999653, 2.33796e-06, 0.0325386, -2.75417e-06, 0.999989, 1.01392e-05, -0.0325371, -1.01576e-05, 0.999647, 10220.7, 10002.1, 9704.99 )
user_scale = Vector3( 1, 1, 1 )
user_albedo = Color( 1, 1, 1, 1 )

[sub_resource type="Resource" id=92]
script = ExtResource( 9 )
index_id = 93
scene_entry = ExtResource( 1 )
is_locked = true
transform = Transform( 0.999653, 2.33796e-06, 0.0325386, -2.75417e-06, 0.999989, 1.01392e-05, -0.0325371, -1.01576e-05, 0.999647, 10220.7, 10002.1, 9704.99 )
user_scale = Vector3( 1, 1, 1 )
user_albedo = Color( 1, 1, 1, 1 )

[sub_resource type="Resource" id=93]
script = ExtResource( 9 )
index_id = 94
scene_entry = ExtResource( 1 )
is_locked = true
transform = Transform( 0.999653, 2.33796e-06, 0.0325386, -2.75417e-06, 0.999989, 1.01392e-05, -0.0325371, -1.01576e-05, 0.999647, 10220.7, 10002.1, 9704.99 )
user_scale = Vector3( 1, 1, 1 )
user_albedo = Color( 1, 1, 1, 1 )

[sub_resource type="Resource" id=94]
script = ExtResource( 9 )
index_id = 95
scene_entry = ExtResource( 1 )
is_locked = true
transform = Transform( 0.999653, 2.33796e-06, 0.0325386, -2.75417e-06, 0.999989, 1.01392e-05, -0.0325371, -1.01576e-05, 0.999647, 10220.7, 10002.1, 9704.99 )
user_scale = Vector3( 1, 1, 1 )
user_albedo = Color( 1, 1, 1, 1 )

[sub_resource type="Resource" id=95]
script = ExtResource( 9 )
index_id = 96
scene_entry = ExtResource( 1 )
is_locked = true
transform = Transform( 0.999653, 2.33796e-06, 0.0325386, -2.75417e-06, 0.999989, 1.01392e-05, -0.0325371, -1.01576e-05, 0.999647, 10220.7, 10002.1, 9704.99 )
user_scale = Vector3( 1, 1, 1 )
user_albedo = Color( 1, 1, 1, 1 )

[sub_resource type="Resource" id=96]
script = ExtResource( 9 )
index_id = 97
scene_entry = ExtResource( 1 )
is_locked = true
transform = Transform( 0.999653, 2.33796e-06, 0.0325386, -2.75417e-06, 0.999989, 1.01392e-05, -0.0325371, -1.01576e-05, 0.999647, 10220.7, 10002.1, 9704.99 )
user_scale = Vector3( 1, 1, 1 )
user_albedo = Color( 1, 1, 1, 1 )

[sub_resource type="Resource" id=97]
script = ExtResource( 9 )
index_id = 98
scene_entry = ExtResource( 1 )
is_locked = true
transform = Transform( 0.999653, 2.33796e-06, 0.0325386, -2.75417e-06, 0.999989, 1.01392e-05, -0.0325371, -1.01576e-05, 0.999647, 10220.7, 10002.1, 9704.99 )
user_scale = Vector3( 1, 1, 1 )
user_albedo = Color( 1, 1, 1, 1 )

[sub_resource type="Resource" id=98]
script = ExtResource( 9 )
index_id = 99
scene_entry = ExtResource( 1 )
is_locked = true
transform = Transform( 0.999653, 2.33796e-06, 0.0325386, -2.75417e-06, 0.999989, 1.01392e-05, -0.0325371, -1.01576e-05, 0.999647, 10220.7, 10002.1, 9704.99 )
user_scale = Vector3( 1, 1, 1 )
user_albedo = Color( 1, 1, 1, 1 )

[sub_resource type="Resource" id=99]
script = ExtResource( 9 )
index_id = 100
scene_entry = ExtResource( 1 )
is_locked = true
transform = Transform( 0.999653, 2.33796e-06, 0.0325386, -2.75417e-06, 0.999989, 1.01392e-05, -0.0325371, -1.01576e-05, 0.999647, 10220.7, 10002.1, 9704.99 )
user_scale = Vector3( 1, 1, 1 )
user_albedo = Color( 1, 1, 1, 1 )

[sub_resource type="Resource" id=100]
script = ExtResource( 9 )
index_id = 101
scene_entry = ExtResource( 1 )
is_locked = true
transform = Transform( 0.999653, 2.33796e-06, 0.0325386, -2.75417e-06, 0.999989, 1.01392e-05, -0.0325371, -1.01576e-05, 0.999647, 10220.7, 10002.1, 9704.99 )
user_scale = Vector3( 1, 1, 1 )
user_albedo = Color( 1, 1, 1, 1 )

[sub_resource type="Resource" id=101]
script = ExtResource( 9 )
index_id = 102
scene_entry = ExtResource( 1 )
is_locked = true
transform = Transform( 0.999653, 2.33796e-06, 0.0325386, -2.75417e-06, 0.999989, 1.01392e-05, -0.0325371, -1.01576e-05, 0.999647, 10220.7, 10002.1, 9704.99 )
user_scale = Vector3( 1, 1, 1 )
user_albedo = Color( 1, 1, 1, 1 )

[sub_resource type="Resource" id=102]
script = ExtResource( 9 )
index_id = 103
scene_entry = ExtResource( 1 )
is_locked = true
transform = Transform( 0.999653, 2.33796e-06, 0.0325386, -2.75417e-06, 0.999989, 1.01392e-05, -0.0325371, -1.01576e-05, 0.999647, 10220.7, 10002.1, 9704.99 )
user_scale = Vector3( 1, 1, 1 )
user_albedo = Color( 1, 1, 1, 1 )

[sub_resource type="Resource" id=103]
script = ExtResource( 9 )
index_id = 104
scene_entry = ExtResource( 1 )
is_locked = true
transform = Transform( 0.999653, 2.33796e-06, 0.0325386, -2.75417e-06, 0.999989, 1.01392e-05, -0.0325371, -1.01576e-05, 0.999647, 10220.7, 10002.1, 9704.99 )
user_scale = Vector3( 1, 1, 1 )
user_albedo = Color( 1, 1, 1, 1 )

[sub_resource type="Resource" id=104]
script = ExtResource( 9 )
index_id = 105
scene_entry = ExtResource( 1 )
is_locked = true
transform = Transform( 0.999653, 2.33796e-06, 0.0325386, -2.75417e-06, 0.999989, 1.01392e-05, -0.0325371, -1.01576e-05, 0.999647, 10220.7, 10002.1, 9704.99 )
user_scale = Vector3( 1, 1, 1 )
user_albedo = Color( 1, 1, 1, 1 )

[sub_resource type="Resource" id=105]
script = ExtResource( 9 )
index_id = 106
scene_entry = ExtResource( 1 )
is_locked = true
transform = Transform( 0.999653, 2.33796e-06, 0.0325386, -2.75417e-06, 0.999989, 1.01392e-05, -0.0325371, -1.01576e-05, 0.999647, 10220.7, 10002.1, 9704.99 )
user_scale = Vector3( 1, 1, 1 )
user_albedo = Color( 1, 1, 1, 1 )

[sub_resource type="Resource" id=106]
script = ExtResource( 9 )
index_id = 107
scene_entry = ExtResource( 1 )
is_locked = true
transform = Transform( 0.999653, 2.33796e-06, 0.0325386, -2.75417e-06, 0.999989, 1.01392e-05, -0.0325371, -1.01576e-05, 0.999647, 10220.7, 10002.1, 9704.99 )
user_scale = Vector3( 1, 1, 1 )
user_albedo = Color( 1, 1, 1, 1 )

[sub_resource type="Resource" id=107]
script = ExtResource( 9 )
index_id = 108
scene_entry = ExtResource( 1 )
is_locked = true
transform = Transform( 0.999653, 2.33796e-06, 0.0325386, -2.75417e-06, 0.999989, 1.01392e-05, -0.0325371, -1.01576e-05, 0.999647, 10220.7, 10002.1, 9704.99 )
user_scale = Vector3( 1, 1, 1 )
user_albedo = Color( 1, 1, 1, 1 )

[sub_resource type="Resource" id=108]
script = ExtResource( 9 )
index_id = 109
scene_entry = ExtResource( 1 )
is_locked = true
transform = Transform( 0.999653, 2.33796e-06, 0.0325386, -2.75417e-06, 0.999989, 1.01392e-05, -0.0325371, -1.01576e-05, 0.999647, 10220.7, 10002.1, 9704.99 )
user_scale = Vector3( 1, 1, 1 )
user_albedo = Color( 1, 1, 1, 1 )

[sub_resource type="Resource" id=109]
script = ExtResource( 9 )
index_id = 110
scene_entry = ExtResource( 1 )
is_locked = true
transform = Transform( 0.999653, 2.33796e-06, 0.0325386, -2.75417e-06, 0.999989, 1.01392e-05, -0.0325371, -1.01576e-05, 0.999647, 10220.7, 10002.1, 9704.99 )
user_scale = Vector3( 1, 1, 1 )
user_albedo = Color( 1, 1, 1, 1 )

[sub_resource type="Resource" id=110]
script = ExtResource( 9 )
index_id = 111
scene_entry = ExtResource( 1 )
is_locked = true
transform = Transform( 0.999653, 2.33796e-06, 0.0325386, -2.75417e-06, 0.999989, 1.01392e-05, -0.0325371, -1.01576e-05, 0.999647, 10220.7, 10002.1, 9704.99 )
user_scale = Vector3( 1, 1, 1 )
user_albedo = Color( 1, 1, 1, 1 )

[sub_resource type="Resource" id=111]
script = ExtResource( 9 )
index_id = 112
scene_entry = ExtResource( 1 )
is_locked = true
transform = Transform( 0.999653, 2.33796e-06, 0.0325386, -2.75417e-06, 0.999989, 1.01392e-05, -0.0325371, -1.01576e-05, 0.999647, 10220.7, 10002.1, 9704.99 )
user_scale = Vector3( 1, 1, 1 )
user_albedo = Color( 1, 1, 1, 1 )

[sub_resource type="Resource" id=112]
script = ExtResource( 9 )
index_id = 113
scene_entry = ExtResource( 1 )
is_locked = true
